0.0513889 0.2 1.83708 1.18805 1.24254 122.759
0.089641 0.25 1.87273 1.13371 1.24181 113.793
0.0878356 0.2 1.79661 1.17966 1.26737 122.069
0.0651588 0.166667 1.81176 1.18369 1.25831 117.241
0.0720196 0.25 1.84524 1.20336 1.26575 115.862
0.0927302 0.25 1.63158 1.18648 1.25627 117.931
0.15035 0.5 1.9026 1.16657 1.25383 106.207
0.0807495 0.25 1.69318 1.19742 1.25215 121.379
0.0770394 0.125 1.82486 1.15145 1.24369 122.069
0.111302 0.285714 1.66071 1.17449 1.26554 115.862
0.1179 0.5 1.67442 1.1762 1.24479 118.621
0.0479662 0.125 1.79661 1.1821 1.22227 122.069
0.101404 0.25 1.59195 1.17521 1.27079 120
0.091985 0.2 1.71856 1.15767 1.26296 115.172
0.114946 0.666667 1.87037 1.21 1.2627 111.724
0.137338 0.4 1.53846 1.143 1.25428 125.517
0.0648022 0.2 2.12426 1.19925 1.24923 116.552
0.0524017 0.25 1.92857 1.18601 1.24397 115.862
0.047966 0.166667 1.69492 1.21066 1.26337 122.069
0.0404429 0.153846 1.62791 1.21205 1.25085 118.621
0.0513889 0.2 1.83708 1.18805 1.24254 122.759
0.089641 0.25 1.87273 1.13371 1.24181 113.793
0.0878356 0.2 1.79661 1.17966 1.26737 122.069
0.0651588 0.166667 1.81176 1.18369 1.25831 117.241
0.0720196 0.25 1.84524 1.20336 1.26575 115.862
0.0927302 0.25 1.63158 1.18648 1.25627 117.931
0.15035 0.5 1.9026 1.16657 1.25383 106.207
0.0807495 0.25 1.69318 1.19742 1.25215 121.379
0.0770394 0.125 1.82486 1.15145 1.24369 122.069
0.111302 0.285714 1.66071 1.17449 1.26554 115.862
0.1179 0.5 1.67442 1.1762 1.24479 118.621
0.0479662 0.125 1.79661 1.1821 1.22227 122.069
0.101404 0.25 1.59195 1.17521 1.27079 120
0.091985 0.2 1.71856 1.15767 1.26296 115.172
0.114946 0.666667 1.87037 1.21 1.2627 111.724
0.137338 0.4 1.53846 1.143 1.25428 125.517
0.0648022 0.2 2.12426 1.19925 1.24923 116.552
0.0524017 0.25 1.92857 1.18601 1.24397 115.862
0.047966 0.166667 1.69492 1.21066 1.26337 122.069
0.0404429 0.153846 1.62791 1.21205 1.25085 118.621
