0.103384 0.25 1.67568 0.949522 1.02663 116.842
0.0953211 0.4 1.67593 0.960958 1.01972 113.684
0.109665 0.25 1.46087 0.912654 1.00476 121.053
0.0944872 0.4 1.46364 0.940171 1.03074 115.789
0.0569739 0.166667 1.84685 0.954903 1.01657 116.842
0.0688095 0.25 1.58929 0.974316 1.02696 117.895
0.149359 0.666667 1.77143 0.953126 1.0269 110.526
0.0871902 0.222222 1.92593 0.969547 1.04127 113.684
0.0582459 0.166667 1.59649 0.957495 1.01257 120
0.0858766 0.333333 1.48214 0.953954 1.0149 117.895
0.144865 0.5 1.46429 0.929357 1.01699 117.895
0.0677778 0.166667 1.68908 0.959396 1.02039 125.263
0.0880032 0.285714 1.59292 0.951631 1.02415 118.947
0.146862 0.666667 1.79825 0.941987 1.02587 120
0.136922 0.5 1.75 0.942906 1.01415 113.684
0.0567832 0.2 1.92982 0.970433 1.02169 120
0.112962 0.5 1.79646 0.944968 1.02988 118.947
0.100536 0.333333 1.94643 0.965474 1.0309 117.895
0.100397 0.333333 1.62385 0.940454 1.01457 114.737
0.103384 0.25 1.67568 0.949522 1.02663 116.842
0.103384 0.25 1.67568 0.949522 1.02663 116.842
0.0953211 0.4 1.67593 0.960958 1.01972 113.684
0.109665 0.25 1.46087 0.912654 1.00476 121.053
0.0944872 0.4 1.46364 0.940171 1.03074 115.789
0.0569739 0.166667 1.84685 0.954903 1.01657 116.842
0.0688095 0.25 1.58929 0.974316 1.02696 117.895
0.149359 0.666667 1.77143 0.953126 1.0269 110.526
0.0871902 0.222222 1.92593 0.969547 1.04127 113.684
0.0582459 0.166667 1.59649 0.957495 1.01257 120
0.0858766 0.333333 1.48214 0.953954 1.0149 117.895
0.144865 0.5 1.46429 0.929357 1.01699 117.895
0.0677778 0.166667 1.68908 0.959396 1.02039 125.263
0.0880032 0.285714 1.59292 0.951631 1.02415 118.947
0.146862 0.666667 1.79825 0.941987 1.02587 120
0.136922 0.5 1.75 0.942906 1.01415 113.684
0.0567832 0.2 1.92982 0.970433 1.02169 120
0.112962 0.5 1.79646 0.944968 1.02988 118.947
0.100536 0.333333 1.94643 0.965474 1.0309 117.895
0.100397 0.333333 1.62385 0.940454 1.01457 114.737
