0.11833 0.666667
0.0635324 0.2
0.37827 3
0.0917179 0.285714
0.135942 0.428571
0.0940268 0.333333
0.0821412 0.214286
0.116553 0.5
0.08 0.266667
0.0581787 0.153846
0.0719577 0.3
0.0981609 0.3
0.117334 0.4
0.0924414 0.222222
0.08836 0.230769
0.189047 0.666667
0.0598056 0.166667
0.0785244 0.272727
0.064206 0.181818
0.1118 0.222222
0.0695973 0.153846
0.0615771 0.125
0.0752259 0.2
0.101843 0.333333
0.0810718 0.181818
0.0737433 0.125
0.0817352 0.2
0.0932585 0.6
0.0800211 0.25
0.0508187 0.2
0.0762016 0.222222
0.0833055 0.25
0.0960358 0.2
0.0508765 0.222222
0.0470487 0.111111
0.0316883 0.0909091
0.0703263 0.222222
0.106445 0.333333
0.0864732 0.214286
0.100244 0.222222
0.153678 0.4
0.090132 0.222222
0.152457 0.5
0.0824084 0.285714
0.0734978 0.176471
0.141651 0.5
0.146031 0.5
0.0854882 0.333333
0.0898326 0.166667
0.134295 0.75
0.0911741 0.2
0.146839 1
0.108062 0.5
0.105961 0.333333
0.0850641 0.153846
0.0601544 0.153846
0.0723729 0.25
0.102298 0.25
0.0806322 0.25
0.114698 0.5
0.0741111 0.230769
0.0236213 0.125
0.0550537 0.153846
0.0453888 0.136364
0.0843188 0.25
0.097066 0.333333
0.0642447 0.2
0.0272961 0.08
0.0635045 0.117647
0.0520577 0.105263
0.0775772 0.4
0.0795522 0.333333
0.0865502 0.1875
0.0890587 0.2
0.0930773 0.3
0.0604916 0.25
0.0525497 0.166667
0.0666907 0.176471
0.0792207 0.2
0.0778795 0.176471
