0.0945039 0.25 1.74096 1.16807 1.25369 114.483
0.0856847 0.363636 1.66071 1.15667 1.24763 115.862
0.0586552 0.166667 1.62286 1.17944 1.22995 120.69
0.12812 0.6 1.80723 1.19969 1.27566 114.483
0.0850185 0.214286 1.88304 1.17942 1.27398 117.931
0.0730072 0.285714 1.99405 1.19167 1.24497 115.862
0.0642478 0.214286 1.58282 1.19475 1.26153 112.414
0.0900335 0.153846 1.68208 1.15418 1.25532 119.31
0.0767552 0.222222 1.86188 1.17882 1.24039 124.828
0.0901163 0.25 1.77647 1.18345 1.26496 117.241
0.0803544 0.2 2.04598 1.16036 1.24036 120
0.0867983 0.25 1.5977 1.1763 1.25106 120
0.104592 0.285714 1.61538 1.16954 1.26451 116.552
0.133555 0.5 1.64327 1.16595 1.2649 117.931
0.0954495 0.4 1.74138 1.19252 1.2578 120
0.0392407 0.166667 1.77654 1.21791 1.26657 123.448
0.244943 2 1.74719 1.17416 1.24503 122.759
0.167812 1 1.66061 1.18964 1.26686 113.793
0.111787 0.666667 1.71023 1.19789 1.26391 121.379
0.0784935 0.2 1.65896 1.17166 1.25422 119.31
0.0945039 0.25 1.74096 1.16807 1.25369 114.483
0.0856847 0.363636 1.66071 1.15667 1.24763 115.862
0.0586552 0.166667 1.62286 1.17944 1.22995 120.69
0.12812 0.6 1.80723 1.19969 1.27566 114.483
0.0850185 0.214286 1.88304 1.17942 1.27398 117.931
0.0730072 0.285714 1.99405 1.19167 1.24497 115.862
0.0642478 0.214286 1.58282 1.19475 1.26153 112.414
0.0900335 0.153846 1.68208 1.15418 1.25532 119.31
0.0767552 0.222222 1.86188 1.17882 1.24039 124.828
0.0901163 0.25 1.77647 1.18345 1.26496 117.241
0.0803544 0.2 2.04598 1.16036 1.24036 120
0.0867983 0.25 1.5977 1.1763 1.25106 120
0.104592 0.285714 1.61538 1.16954 1.26451 116.552
0.133555 0.5 1.64327 1.16595 1.2649 117.931
0.0954495 0.4 1.74138 1.19252 1.2578 120
0.0392407 0.166667 1.77654 1.21791 1.26657 123.448
0.244943 2 1.74719 1.17416 1.24503 122.759
0.167812 1 1.66061 1.18964 1.26686 113.793
0.111787 0.666667 1.71023 1.19789 1.26391 121.379
0.0784935 0.2 1.65896 1.17166 1.25422 119.31
0.0945039 0.25 1.74096 1.16807 1.25369 114.483
0.0856847 0.363636 1.66071 1.15667 1.24763 115.862
0.0586552 0.166667 1.62286 1.17944 1.22995 120.69
0.12812 0.6 1.80723 1.19969 1.27566 114.483
0.0850185 0.214286 1.88304 1.17942 1.27398 117.931
0.0730072 0.285714 1.99405 1.19167 1.24497 115.862
0.0642478 0.214286 1.58282 1.19475 1.26153 112.414
0.0900335 0.153846 1.68208 1.15418 1.25532 119.31
0.0658228 0.0943396 1.69636 9.50718 10.1173 117.172
0.0705931 0.116279 1.74126 9.43971 10.0921 116.247
0.0945039 0.25 1.74096 1.16807 1.25369 114.483
0.0856847 0.363636 1.66071 1.15667 1.24763 115.862
0.0586552 0.166667 1.62286 1.17944 1.22995 120.69
0.12812 0.6 1.80723 1.19969 1.27566 114.483
0.0850185 0.214286 1.88304 1.17942 1.27398 117.931
0.0730072 0.285714 1.99405 1.19167 1.24497 115.862
0.0642478 0.214286 1.58282 1.19475 1.26153 112.414
0.0900335 0.153846 1.68208 1.15418 1.25532 119.31
0.0767552 0.222222 1.86188 1.17882 1.24039 124.828
0.0901163 0.25 1.77647 1.18345 1.26496 117.241
0.0803544 0.2 2.04598 1.16036 1.24036 120
0.0867983 0.25 1.5977 1.1763 1.25106 120
0.104592 0.285714 1.61538 1.16954 1.26451 116.552
0.133555 0.5 1.64327 1.16595 1.2649 117.931
0.0954495 0.4 1.74138 1.19252 1.2578 120
0.0392407 0.166667 1.77654 1.21791 1.26657 123.448
0.244943 2 1.74719 1.17416 1.24503 122.759
0.167812 1 1.66061 1.18964 1.26686 113.793
0.111787 0.666667 1.71023 1.19789 1.26391 121.379
0.0784935 0.2 1.65896 1.17166 1.25422 119.31
